(((22:0.015952,23:0.010604):0.005246,((18:0.015898,19:0.010658):0.015958,(((((((11:0.010588,13:0.005279):0.000001,12:0.010588):0.021342,(15:0.000001,14:0.000001):0.037776):0.021477,16:0.065759):0.010525,17:0.054445):0.021424,24:0.065484):0.000001,((((46:0.000001,45:0.005279):0.026794,44:0.026796):0.043369,(((((37:0.005279,(36:0.005279,38:0.000001):0.000001):0.026867,(35:0.015930,34:0.000001):0.015890):0.032386,(((30:0.005279,29:0.000001):0.010529,(27:0.010578,28:0.015980):0.048985):0.026935,(33:0.037912,(32:0.000001,31:0.005279):0.048865):0.005100):0.015933):0.016031,(26:0.026789,25:0.037794):0.015972):0.010656,(43:0.015932,(39:0.021377,(41:0.005269,42:0.026751):0.010591):0.037878):0.026850):0.005272):0.005204,((((5:0.094320,((7:0.015986,6:0.026761):0.013361,8:0.025411):0.025474):0.000001,9:0.043117):0.039266,10:0.113640):0.030090,(40:0.066354,(1:0.127116,(4:0.036907,(3:0.015977,2:0.032219):0.006728):0.035395):0.077301):0.077391):0.068775):0.010682):0.021312):0.032374):0.016006,20:0.010601,21:0.010601);
((((((46:0.000001,45:0.005279):0.026794,44:0.026796):0.043369,((43:0.015932,((42:0.026751,41:0.005269):0.010591,39:0.021377):0.037878):0.026850,(((((32:0.000001,31:0.005279):0.048865,33:0.037912):0.005100,((30:0.005279,29:0.000001):0.010529,(27:0.010578,28:0.015980):0.048986):0.026935):0.015933,((37:0.005279,(36:0.005279,38:0.000001):0.000001):0.026867,(35:0.015930,34:0.000001):0.015890):0.032386):0.016031,(26:0.026789,25:0.037794):0.015972):0.010656):0.005272):0.005204,((((21:0.010601,20:0.010601):0.016006,(23:0.010604,22:0.015952):0.005246):0.032374,(18:0.015899,19:0.010658):0.015958):0.021312,(((((15:0.000001,14:0.000001):0.037776,(13:0.005279,(11:0.010588,12:0.010588):0.000001):0.021342):0.021477,16:0.065759):0.010525,17:0.054445):0.021424,24:0.065484):0.000001):0.010682):0.068775,(40:0.066354,(((3:0.015977,2:0.032219):0.006728,4:0.036907):0.035395,1:0.127116):0.077301):0.077391):0.030089,((5:0.094320,(8:0.025412,(7:0.015986,6:0.026761):0.013361):0.025474):0.000001,9:0.043117):0.039266,10:0.113640);
((((5:0.094320,((6:0.026761,7:0.015986):0.013361,8:0.025412):0.025474):0.000001,9:0.043117):0.039266,10:0.113640):0.030089,((((19:0.010658,18:0.015899):0.015958,((23:0.010604,22:0.015952):0.005246,(21:0.010601,20:0.010601):0.016006):0.032374):0.021312,((17:0.054445,(((15:0.000001,14:0.000001):0.037776,(13:0.005279,(12:0.010588,11:0.010588):0.000001):0.021342):0.021477,16:0.065759):0.010525):0.021424,24:0.065484):0.000001):0.010682,((44:0.026796,(45:0.005279,46:0.000001):0.026794):0.043369,((43:0.015932,(39:0.021377,(42:0.026751,41:0.005269):0.010591):0.037878):0.026850,((26:0.026789,25:0.037794):0.015972,(((34:0.000001,35:0.015930):0.015890,(38:0.000001,(36:0.005279,37:0.005279):0.000001):0.026867):0.032386,(((31:0.005279,32:0.000001):0.048865,33:0.037912):0.005100,((29:0.000001,30:0.005279):0.010529,(27:0.010578,28:0.015980):0.048985):0.026935):0.015933):0.016031):0.010656):0.005272):0.005204):0.068775,(((4:0.036907,(3:0.015977,2:0.032219):0.006728):0.035395,1:0.127116):0.077301,40:0.066354):0.077391);
((4:0.036907,(2:0.032219,3:0.015977):0.006728):0.035395,(40:0.066354,((((24:0.065484,(17:0.054445,((((11:0.010588,13:0.005279):0.000001,12:0.010588):0.021342,(14:0.000001,15:0.000001):0.037776):0.021477,16:0.065759):0.010525):0.021424):0.000001,(((22:0.015952,23:0.010604):0.005246,(21:0.010601,20:0.010601):0.016006):0.032374,(19:0.010659,18:0.015898):0.015958):0.021311):0.010682,((((((35:0.015930,34:0.000001):0.015890,(38:0.000001,(37:0.005279,36:0.005279):0.000001):0.026867):0.032386,(((32:0.000001,31:0.005279):0.048865,33:0.037912):0.005100,((29:0.000001,30:0.005279):0.010529,(28:0.015981,27:0.010578):0.048986):0.026935):0.015933):0.016031,(26:0.026789,25:0.037794):0.015972):0.010656,((39:0.021377,(41:0.005269,42:0.026751):0.010591):0.037878,43:0.015932):0.026850):0.005272,((46:0.000001,45:0.005279):0.026794,44:0.026796):0.043369):0.005204):0.068775,((9:0.043117,((8:0.025412,(6:0.026761,7:0.015986):0.013361):0.025474,5:0.094320):0.000001):0.039266,10:0.113640):0.030089):0.077391):0.077301,1:0.127116);
((((((34:0.000001,35:0.015930):0.015890,(38:0.000001,(37:0.005279,36:0.005279):0.000001):0.026867):0.032386,((((39:0.021377,(41:0.005269,42:0.026751):0.010591):0.037878,43:0.015932):0.026850,((((24:0.065484,((16:0.065759,(((11:0.010588,13:0.005279):0.000001,12:0.010588):0.021342,(14:0.000001,15:0.000001):0.037776):0.021477):0.010525,17:0.054445):0.021424):0.000001,((19:0.010659,18:0.015898):0.015958,((21:0.010601,20:0.010601):0.016006,(23:0.010604,22:0.015952):0.005246):0.032374):0.021312):0.010682,((40:0.066354,(1:0.127116,(4:0.036907,(2:0.032219,3:0.015977):0.006728):0.035395):0.077301):0.077391,(10:0.113640,(((8:0.025412,(6:0.026761,7:0.015986):0.013361):0.025474,5:0.094320):0.000001,9:0.043117):0.039266):0.030089):0.068775):0.005204,((46:0.000001,45:0.005279):0.026794,44:0.026796):0.043369):0.005272):0.010656,(26:0.026789,25:0.037794):0.015972):0.016031):0.015933,(33:0.037912,(32:0.000001,31:0.005279):0.048865):0.005100):0.026935,(29:0.000001,30:0.005279):0.010529):0.048985,28:0.015980,27:0.010578);
((37:0.005279,38:0.000001):0.000001,36:0.005279,((((((((24:0.065484,(17:0.054445,(((13:0.005279,(12:0.010588,11:0.010588):0.000001):0.021342,(15:0.000001,14:0.000001):0.037776):0.021477,16:0.065759):0.010525):0.021424):0.000001,((18:0.015898,19:0.010659):0.015958,((23:0.010604,22:0.015952):0.005246,(21:0.010601,20:0.010601):0.016006):0.032374):0.021312):0.010682,(((1:0.127116,(4:0.036907,(3:0.015977,2:0.032219):0.006728):0.035395):0.077301,40:0.066354):0.077391,(((5:0.094320,(8:0.025412,(7:0.015986,6:0.026761):0.013361):0.025474):0.000001,9:0.043117):0.039266,10:0.113640):0.030089):0.068775):0.005204,(44:0.026796,(45:0.005279,46:0.000001):0.026794):0.043369):0.005272,(((41:0.005269,42:0.026751):0.010591,39:0.021377):0.037878,43:0.015932):0.026850):0.010656,(26:0.026789,25:0.037794):0.015972):0.016032,(((28:0.015980,27:0.010578):0.048985,(29:0.000001,30:0.005279):0.010529):0.026935,((31:0.005279,32:0.000001):0.048865,33:0.037912):0.005100):0.015933):0.032386,(35:0.015930,34:0.000001):0.015890):0.026867);
((27:0.010578,28:0.015980):0.048985,(29:0.000001,30:0.005279):0.010529,((((38:0.000001,(37:0.005279,36:0.005279):0.000001):0.026867,(35:0.015930,34:0.000001):0.015890):0.032386,((26:0.026789,25:0.037794):0.015972,(((39:0.021377,(41:0.005269,42:0.026751):0.010591):0.037878,43:0.015932):0.026850,((44:0.026796,(46:0.000001,45:0.005279):0.026794):0.043369,(((24:0.065484,(17:0.054445,(16:0.065759,((12:0.010588,(11:0.010588,13:0.005279):0.000001):0.021342,(15:0.000001,14:0.000001):0.037776):0.021477):0.010525):0.021424):0.000001,((18:0.015898,19:0.010659):0.015958,((23:0.010604,22:0.015952):0.005246,(20:0.010601,21:0.010601):0.016006):0.032374):0.021312):0.010682,((10:0.113640,((5:0.094320,(8:0.025412,(6:0.026761,7:0.015986):0.013361):0.025474):0.000001,9:0.043117):0.039266):0.030089,((1:0.127116,(4:0.036907,(3:0.015977,2:0.032219):0.006728):0.035395):0.077301,40:0.066354):0.077391):0.068775):0.005204):0.005272):0.010656):0.016031):0.015933,(33:0.037912,(32:0.000001,31:0.005279):0.048865):0.005100):0.026935);
(((42:0.026751,41:0.005269):0.010591,39:0.021377):0.037878,43:0.015932,(((25:0.037794,26:0.026789):0.015972,(((37:0.005279,(36:0.005279,38:0.000001):0.000001):0.026867,(34:0.000001,35:0.015930):0.015890):0.032386,(((31:0.005279,32:0.000001):0.048865,33:0.037912):0.005100,((28:0.015980,27:0.010578):0.048985,(29:0.000001,30:0.005279):0.010529):0.026935):0.015933):0.016031):0.010656,(((46:0.000001,45:0.005279):0.026794,44:0.026796):0.043369,((((((8:0.025412,(6:0.026761,7:0.015986):0.013361):0.025474,5:0.094320):0.000001,9:0.043117):0.039266,10:0.113640):0.030089,(40:0.066354,(1:0.127116,((2:0.032219,3:0.015977):0.006728,4:0.036907):0.035395):0.077301):0.077391):0.068775,((((20:0.010601,21:0.010601):0.016006,(22:0.015952,23:0.010604):0.005246):0.032374,(19:0.010659,18:0.015898):0.015958):0.021312,(24:0.065484,((16:0.065759,(((12:0.010588,13:0.005279):0.000001,11:0.010588):0.021342,(14:0.000001,15:0.000001):0.037776):0.021477):0.010525,17:0.054445):0.021424):0.000001):0.010682):0.005204):0.005272):0.026850);
((24:0.065484,(((18:0.015899,19:0.010658):0.015958,((22:0.015952,23:0.010604):0.005246,(21:0.010601,20:0.010601):0.016006):0.032374):0.021312,(((((((6:0.026761,7:0.015986):0.013361,8:0.025412):0.025474,5:0.094320):0.000001,9:0.043117):0.039266,10:0.113640):0.030090,(40:0.066354,(((3:0.015977,2:0.032219):0.006728,4:0.036907):0.035395,1:0.127116):0.077301):0.077391):0.068775,((44:0.026796,(46:0.000001,45:0.005279):0.026794):0.043369,(((25:0.037794,26:0.026789):0.015972,((((32:0.000001,31:0.005279):0.048865,33:0.037912):0.005100,((30:0.005279,29:0.000001):0.010529,(28:0.015980,27:0.010578):0.048985):0.026935):0.015933,((38:0.000001,(37:0.005279,36:0.005279):0.000001):0.026867,(35:0.015930,34:0.000001):0.015890):0.032386):0.016031):0.010656,(43:0.015932,(39:0.021377,(41:0.005269,42:0.026751):0.010591):0.037878):0.026850):0.005272):0.005204):0.010682):0.000001):0.021424,17:0.054445,(((13:0.005279,(12:0.010588,11:0.010588):0.000001):0.021342,(15:0.000001,14:0.000001):0.037776):0.021477,16:0.065759):0.010525);
(((21:0.010601,20:0.010601):0.016006,((((((43:0.015932,((41:0.005269,42:0.026751):0.010591,39:0.021377):0.037878):0.026850,((((35:0.015930,34:0.000001):0.015890,(38:0.000001,(36:0.005279,37:0.005279):0.000001):0.026867):0.032386,(((28:0.015980,27:0.010578):0.048985,(29:0.000001,30:0.005279):0.010529):0.026935,((31:0.005279,32:0.000001):0.048865,33:0.037912):0.005100):0.015933):0.016031,(26:0.026789,25:0.037794):0.015972):0.010656):0.005272,(44:0.026796,(46:0.000001,45:0.005279):0.026794):0.043369):0.005204,((((5:0.094320,((7:0.015986,6:0.026761):0.013361,8:0.025411):0.025474):0.000001,9:0.043117):0.039266,10:0.113640):0.030089,(40:0.066354,(1:0.127116,(4:0.036907,(2:0.032219,3:0.015977):0.006728):0.035395):0.077301):0.077391):0.068775):0.010682,(24:0.065484,((16:0.065759,(((11:0.010588,12:0.010588):0.000001,13:0.005279):0.021342,(15:0.000001,14:0.000001):0.037776):0.021477):0.010525,17:0.054445):0.021424):0.000001):0.021312,(19:0.010658,18:0.015898):0.015958):0.032374):0.005246,22:0.015952,23:0.010604);
((5:0.094320,((6:0.026761,7:0.015986):0.013361,8:0.025411):0.025474):0.000001,(((40:0.066354,((4:0.036907,(2:0.032219,3:0.015977):0.006728):0.035395,1:0.127116):0.077301):0.077391,((((46:0.000001,45:0.005279):0.026794,44:0.026796):0.043369,((((41:0.005269,42:0.026751):0.010591,39:0.021377):0.037878,43:0.015932):0.026850,(((((32:0.000001,31:0.005279):0.048865,33:0.037912):0.005100,((29:0.000001,30:0.005279):0.010529,(27:0.010578,28:0.015980):0.048985):0.026935):0.015933,(((37:0.005279,38:0.000001):0.000001,36:0.005279):0.026867,(34:0.000001,35:0.015930):0.015890):0.032386):0.016031,(26:0.026789,25:0.037794):0.015972):0.010656):0.005272):0.005204,((((((14:0.000001,15:0.000001):0.037776,((11:0.010588,13:0.005279):0.000001,12:0.010588):0.021342):0.021477,16:0.065759):0.010525,17:0.054445):0.021424,24:0.065484):0.000001,(((20:0.010601,21:0.010601):0.016006,(22:0.015952,23:0.010604):0.005246):0.032374,(19:0.010658,18:0.015899):0.015958):0.021312):0.010682):0.068775):0.030089,10:0.113640):0.039266,9:0.043117);
(((2:0.032219,3:0.015977):0.006728,4:0.036907):0.035395,1:0.127116,(((10:0.113640,(((8:0.025411,(6:0.026761,7:0.015986):0.013361):0.025474,5:0.094320):0.000001,9:0.043117):0.039266):0.030089,((((((((36:0.005279,37:0.005279):0.000001,38:0.000001):0.026867,(35:0.015930,34:0.000001):0.015890):0.032386,(((28:0.015980,27:0.010578):0.048985,(29:0.000001,30:0.005279):0.010529):0.026935,((31:0.005279,32:0.000001):0.048865,33:0.037912):0.005100):0.015933):0.016031,(25:0.037794,26:0.026789):0.015972):0.010656,(((41:0.005269,42:0.026751):0.010591,39:0.021377):0.037878,43:0.015932):0.026850):0.005272,(44:0.026796,(46:0.000001,45:0.005279):0.026794):0.043369):0.005204,((((20:0.010601,21:0.010601):0.016006,(22:0.015952,23:0.010604):0.005246):0.032374,(18:0.015898,19:0.010659):0.015958):0.021312,((((((11:0.010588,12:0.010588):0.000001,13:0.005279):0.021342,(14:0.000001,15:0.000001):0.037776):0.021477,16:0.065759):0.010525,17:0.054445):0.021424,24:0.065484):0.000001):0.010682):0.068775):0.077391,40:0.066354):0.077301);
(((1:0.127116,((((((8:0.025412,(6:0.026761,7:0.015986):0.013361):0.025474,5:0.094320):0.000001,9:0.043117):0.039266,10:0.113640):0.030090,(((((22:0.015952,23:0.010604):0.005246,(20:0.010601,21:0.010601):0.016006):0.032374,(18:0.015898,19:0.010659):0.015958):0.021312,(((((15:0.000001,14:0.000001):0.037776,((12:0.010588,13:0.005279):0.000001,11:0.010588):0.021342):0.021477,16:0.065759):0.010525,17:0.054445):0.021424,24:0.065484):0.000001):0.010682,(((45:0.005279,46:0.000001):0.026794,44:0.026796):0.043369,((((41:0.005269,42:0.026751):0.010591,39:0.021377):0.037878,43:0.015932):0.026850,((26:0.026789,25:0.037794):0.015972,((((30:0.005279,29:0.000001):0.010529,(28:0.015980,27:0.010578):0.048985):0.026935,((31:0.005279,32:0.000001):0.048865,33:0.037912):0.005100):0.015933,(((36:0.005279,37:0.005279):0.000001,38:0.000001):0.026867,(34:0.000001,35:0.015930):0.015890):0.032386):0.016031):0.010656):0.005272):0.005204):0.068775):0.077391,40:0.066354):0.077301):0.035395,4:0.036907):0.006728,3:0.015977,2:0.032219);
((33:0.037912,(((29:0.000001,30:0.005279):0.010529,(28:0.015980,27:0.010578):0.048985):0.026935,(((35:0.015930,34:0.000001):0.015890,((36:0.005279,37:0.005279):0.000001,38:0.000001):0.026867):0.032386,((26:0.026789,25:0.037794):0.015972,((((42:0.026751,41:0.005269):0.010591,39:0.021377):0.037878,43:0.015932):0.026850,((((10:0.113640,((5:0.094320,(8:0.025411,(7:0.015986,6:0.026761):0.013361):0.025474):0.000001,9:0.043117):0.039266):0.030089,((((3:0.015977,2:0.032219):0.006728,4:0.036907):0.035395,1:0.127116):0.077301,40:0.066354):0.077391):0.068775,(((19:0.010658,18:0.015899):0.015958,((21:0.010601,20:0.010601):0.016006,(23:0.010604,22:0.015952):0.005246):0.032374):0.021312,(((((15:0.000001,14:0.000001):0.037776,((12:0.010588,13:0.005279):0.000001,11:0.010588):0.021342):0.021477,16:0.065759):0.010525,17:0.054445):0.021424,24:0.065484):0.000001):0.010682):0.005204,(44:0.026796,(45:0.005279,46:0.000001):0.026794):0.043369):0.005272):0.010656):0.016031):0.015933):0.005100):0.048865,31:0.005279,32:0.000001);
(((((((43:0.015932,((42:0.026751,41:0.005269):0.010591,39:0.021377):0.037878):0.026850,((44:0.026796,(45:0.005279,46:0.000001):0.026794):0.043369,(((40:0.066354,(((2:0.032219,3:0.015977):0.006728,4:0.036907):0.035395,1:0.127116):0.077301):0.077391,((((8:0.025412,(6:0.026761,7:0.015986):0.013361):0.025474,5:0.094320):0.000001,9:0.043117):0.039266,10:0.113640):0.030089):0.068775,((24:0.065484,(((((12:0.010588,11:0.010588):0.000001,13:0.005279):0.021342,(14:0.000001,15:0.000001):0.037776):0.021477,16:0.065759):0.010525,17:0.054445):0.021424):0.000001,(((20:0.010601,21:0.010601):0.016006,(23:0.010604,22:0.015952):0.005246):0.032374,(19:0.010658,18:0.015899):0.015958):0.021312):0.010682):0.005204):0.005272):0.010656,(26:0.026789,25:0.037794):0.015972):0.016031,((35:0.015930,34:0.000001):0.015890,((38:0.000001,37:0.005279):0.000001,36:0.005279):0.026867):0.032386):0.015933,((32:0.000001,31:0.005279):0.048865,33:0.037912):0.005100):0.026935,(30:0.005279,29:0.000001):0.010529):0.048985,28:0.015980,27:0.010578);
(((((27:0.010578,28:0.015980):0.048985,(30:0.005279,29:0.000001):0.010529):0.026935,((31:0.005279,32:0.000001):0.048865,33:0.037912):0.005100):0.015933,((25:0.037794,26:0.026789):0.015972,((((41:0.005269,42:0.026751):0.010591,39:0.021377):0.037878,43:0.015932):0.026850,((((((5:0.094320,((7:0.015986,6:0.026761):0.013361,8:0.025411):0.025474):0.000001,9:0.043117):0.039266,10:0.113640):0.030090,((((2:0.032219,3:0.015977):0.006728,4:0.036907):0.035395,1:0.127116):0.077301,40:0.066354):0.077391):0.068775,((24:0.065484,((((14:0.000001,15:0.000001):0.037776,((13:0.005279,11:0.010588):0.000001,12:0.010588):0.021342):0.021477,16:0.065759):0.010525,17:0.054445):0.021424):0.000001,(((20:0.010601,21:0.010601):0.016006,(23:0.010604,22:0.015952):0.005246):0.032374,(19:0.010658,18:0.015899):0.015958):0.021312):0.010682):0.005204,(44:0.026796,(46:0.000001,45:0.005279):0.026794):0.043369):0.005272):0.010656):0.016031):0.032386,(35:0.015930,34:0.000001):0.015890,((38:0.000001,36:0.005279):0.000001,37:0.005279):0.026867);
(((7:0.015986,6:0.026761):0.013361,8:0.025411):0.025474,5:0.094320,((10:0.113640,((40:0.066354,((4:0.036907,(2:0.032219,3:0.015977):0.006728):0.035395,1:0.127116):0.077301):0.077391,((((45:0.005279,46:0.000001):0.026794,44:0.026796):0.043369,((((((31:0.005279,32:0.000001):0.048865,33:0.037912):0.005100,((29:0.000001,30:0.005279):0.010529,(28:0.015980,27:0.010578):0.048985):0.026935):0.015933,(((38:0.000001,36:0.005279):0.000001,37:0.005279):0.026867,(34:0.000001,35:0.015930):0.015890):0.032386):0.016031,(25:0.037794,26:0.026789):0.015972):0.010656,(((42:0.026751,41:0.005269):0.010591,39:0.021377):0.037878,43:0.015932):0.026850):0.005272):0.005204,((((16:0.065759,((15:0.000001,14:0.000001):0.037776,((13:0.005279,12:0.010588):0.000001,11:0.010588):0.021342):0.021477):0.010525,17:0.054445):0.021424,24:0.065484):0.000001,(((23:0.010604,22:0.015952):0.005246,(21:0.010601,20:0.010601):0.016006):0.032374,(19:0.010658,18:0.015899):0.015958):0.021312):0.010682):0.068775):0.030090):0.039266,9:0.043117):0.000001);
((40:0.066354,((((((21:0.010601,20:0.010601):0.016006,(22:0.015952,23:0.010604):0.005246):0.032374,(18:0.015899,19:0.010658):0.015958):0.021312,(((16:0.065759,((14:0.000001,15:0.000001):0.037776,((12:0.010588,11:0.010588):0.000001,13:0.005279):0.021342):0.021477):0.010525,17:0.054445):0.021424,24:0.065484):0.000001):0.010682,(((((42:0.026751,41:0.005269):0.010591,39:0.021377):0.037878,43:0.015932):0.026850,((26:0.026789,25:0.037794):0.015972,((((30:0.005279,29:0.000001):0.010529,(27:0.010578,28:0.015980):0.048985):0.026935,(33:0.037912,(31:0.005279,32:0.000001):0.048865):0.005100):0.015933,(((36:0.005279,38:0.000001):0.000001,37:0.005279):0.026867,(34:0.000001,35:0.015930):0.015890):0.032386):0.016031):0.010656):0.005272,((46:0.000001,45:0.005279):0.026794,44:0.026796):0.043369):0.005204):0.068775,(10:0.113640,(9:0.043117,(((6:0.026761,7:0.015986):0.013361,8:0.025411):0.025474,5:0.094320):0.000001):0.039266):0.030089):0.077391):0.077301,((2:0.032219,3:0.015977):0.006728,4:0.036907):0.035395,1:0.127116);
((11:0.010588,12:0.010588):0.000001,13:0.005279,((14:0.000001,15:0.000001):0.037776,((17:0.054445,(((((44:0.026796,(46:0.000001,45:0.005279):0.026794):0.043369,(((39:0.021377,(42:0.026751,41:0.005269):0.010591):0.037878,43:0.015932):0.026850,(((((28:0.015980,27:0.010578):0.048985,(30:0.005279,29:0.000001):0.010529):0.026935,((31:0.005279,32:0.000001):0.048865,33:0.037912):0.005100):0.015933,((35:0.015930,34:0.000001):0.015890,((37:0.005279,36:0.005279):0.000001,38:0.000001):0.026867):0.032386):0.016031,(25:0.037794,26:0.026789):0.015972):0.010656):0.005272):0.005204,((10:0.113640,(((8:0.025412,(6:0.026761,7:0.015986):0.013361):0.025474,5:0.094320):0.000001,9:0.043117):0.039266):0.030089,((1:0.127116,((2:0.032219,3:0.015977):0.006728,4:0.036907):0.035395):0.077301,40:0.066354):0.077391):0.068775):0.010682,(((23:0.010604,22:0.015952):0.005246,(20:0.010601,21:0.010601):0.016006):0.032374,(19:0.010658,18:0.015899):0.015958):0.021312):0.000001,24:0.065484):0.021424):0.010525,16:0.065759):0.021477):0.021342);
((43:0.015932,(((((33:0.037912,(32:0.000001,31:0.005279):0.048865):0.005100,((30:0.005279,29:0.000001):0.010529,(27:0.010578,28:0.015980):0.048985):0.026935):0.015933,(((36:0.005279,37:0.005279):0.000001,38:0.000001):0.026867,(35:0.015930,34:0.000001):0.015890):0.032386):0.016031,(26:0.026789,25:0.037794):0.015972):0.010656,(((((19:0.010659,18:0.015898):0.015958,((20:0.010601,21:0.010601):0.016006,(23:0.010604,22:0.015952):0.005246):0.032374):0.021312,(((((15:0.000001,14:0.000001):0.037776,((12:0.010588,13:0.005279):0.000001,11:0.010588):0.021342):0.021477,16:0.065759):0.010525,17:0.054445):0.021424,24:0.065484):0.000001):0.010682,((((((6:0.026761,7:0.015986):0.013361,8:0.025411):0.025474,5:0.094320):0.000001,9:0.043117):0.039266,10:0.113640):0.030089,((((3:0.015977,2:0.032219):0.006728,4:0.036907):0.035395,1:0.127116):0.077301,40:0.066354):0.077391):0.068775):0.005204,((45:0.005279,46:0.000001):0.026794,44:0.026796):0.043369):0.005272):0.026850):0.037878,(42:0.026751,41:0.005269):0.010591,39:0.021377);
